Q_16_0.train.model : 21.780000000000605
Q_16_2.train.model : 14.619999999999738
Q_16_4.train.model : 13.039999999999766
Q_16_6.train.model : 13.279999999999768
Q_16_8.train.model : 10.83999999999982
